              precision    recall  f1-score   support

           0      0.966     0.933     0.949        60
           1      0.997     1.000     0.999       720
           2      0.991     0.996     0.993       750
           3      0.969     0.987     0.978       450
           4      0.994     0.986     0.990       660
           5      0.991     1.000     0.995       630
           6      1.000     0.993     0.997       150
           7      1.000     0.998     0.999       450
           8      0.953     0.998     0.975       450
           9      0.992     1.000     0.996       480
          10      0.991     1.000     0.995       660
          11      0.986     0.974     0.980       420
          12      1.000     0.977     0.988       690
          13      0.964     0.997     0.980       720
          14      0.989     0.996     0.993       270
          15      0.995     0.876     0.932       210
          16      1.000     1.000     1.000       150
          17      0.997     0.911     0.952       360
          18      1.000     0.951     0.975       390
          19      1.000     1.000     1.000        60
          20      0.978     1.000     0.989        90
          21      0.865     1.000     0.928        90
          22      1.000     0.758     0.863       120
          23      0.955     1.000     0.977       150
          24      0.989     1.000     0.994        90
          25      0.946     0.990     0.967       480
          26      0.963     1.000     0.981       180
          27      0.909     1.000     0.952        60
          28      0.920     0.993     0.955       150
          29      0.989     0.989     0.989        90
          30      0.956     0.860     0.905       150
          31      0.996     0.996     0.996       270
          32      0.952     0.983     0.967        60
          33      1.000     0.986     0.993       210
          34      0.876     1.000     0.934       120
          35      0.995     0.995     0.995       390
          36      0.976     1.000     0.988       120
          37      0.967     0.983     0.975        60
          38      1.000     0.954     0.976       690
          39      0.989     0.989     0.989        90
          40      0.870     0.967     0.916        90
          41      0.968     1.000     0.984        60
          42      1.000     1.000     1.000        90

    accuracy                          0.982     12630
   macro avg      0.973     0.977     0.974     12630
weighted avg      0.982     0.982     0.981     12630
