              precision    recall  f1-score   support

           0      1.000     0.983     0.992        60
           1      0.994     1.000     0.997       720
           2      0.975     0.997     0.986       750
           3      1.000     0.982     0.991       450
           4      0.995     0.982     0.989       660
           5      0.981     0.989     0.985       630
           6      1.000     0.953     0.976       150
           7      0.982     0.998     0.990       450
           8      0.987     0.993     0.990       450
           9      0.973     0.988     0.980       480
          10      1.000     1.000     1.000       660
          11      0.995     0.974     0.984       420
          12      1.000     0.951     0.975       690
          13      0.974     0.997     0.986       720
          14      0.968     1.000     0.984       270
          15      0.937     0.995     0.965       210
          16      1.000     1.000     1.000       150
          17      1.000     0.931     0.964       360
          18      0.997     0.944     0.970       390
          19      1.000     1.000     1.000        60
          20      0.909     1.000     0.952        90
          21      0.818     1.000     0.900        90
          22      1.000     0.758     0.863       120
          23      0.872     1.000     0.932       150
          24      1.000     1.000     1.000        90
          25      0.930     0.990     0.959       480
          26      0.989     0.961     0.975       180
          27      1.000     0.967     0.983        60
          28      0.980     1.000     0.990       150
          29      1.000     1.000     1.000        90
          30      0.915     0.860     0.887       150
          31      0.992     0.967     0.979       270
          32      1.000     1.000     1.000        60
          33      0.991     0.995     0.993       210
          34      1.000     1.000     1.000       120
          35      0.992     0.967     0.979       390
          36      0.992     0.975     0.983       120
          37      0.968     1.000     0.984        60
          38      0.998     0.958     0.978       690
          39      0.989     1.000     0.994        90
          40      0.719     0.967     0.825        90
          41      0.968     1.000     0.984        60
          42      0.978     1.000     0.989        90

    accuracy                          0.979     12630
   macro avg      0.971     0.977     0.973     12630
weighted avg      0.981     0.979     0.979     12630
