              precision    recall  f1-score   support

           0      0.984     1.000     0.992        60
           1      0.999     1.000     0.999       720
           2      0.984     0.999     0.991       750
           3      0.974     0.989     0.981       450
           4      1.000     0.991     0.995       660
           5      0.994     0.989     0.991       630
           6      0.993     0.980     0.987       150
           7      0.991     0.998     0.994       450
           8      0.991     0.991     0.991       450
           9      1.000     0.979     0.989       480
          10      1.000     1.000     1.000       660
          11      0.995     0.950     0.972       420
          12      1.000     0.994     0.997       690
          13      0.986     1.000     0.993       720
          14      0.989     0.996     0.993       270
          15      0.971     0.967     0.969       210
          16      1.000     1.000     1.000       150
          17      1.000     0.967     0.983       360
          18      1.000     0.959     0.979       390
          19      1.000     1.000     1.000        60
          20      0.989     1.000     0.994        90
          21      0.776     1.000     0.874        90
          22      1.000     0.742     0.852       120
          23      0.949     1.000     0.974       150
          24      1.000     0.989     0.994        90
          25      0.924     0.992     0.957       480
          26      0.988     0.928     0.957       180
          27      1.000     0.983     0.992        60
          28      0.980     0.993     0.987       150
          29      0.989     1.000     0.994        90
          30      0.954     0.973     0.964       150
          31      0.996     1.000     0.998       270
          32      1.000     1.000     1.000        60
          33      1.000     0.995     0.998       210
          34      0.857     1.000     0.923       120
          35      0.997     0.967     0.982       390
          36      0.984     1.000     0.992       120
          37      0.952     1.000     0.976        60
          38      1.000     0.967     0.983       690
          39      0.968     1.000     0.984        90
          40      0.935     0.967     0.951        90
          41      0.857     1.000     0.923        60
          42      1.000     1.000     1.000        90

    accuracy                          0.985     12630
   macro avg      0.976     0.982     0.978     12630
weighted avg      0.986     0.985     0.985     12630
